2073200607211
2074200607212
2076200608221
2077200608221
2078200608291
2079200609082
2080200609132
2081200609222
2085200610151
2082200611161
2083200704071
2086200704172
2087200708281
2088200708312
2137200710241
2138200801162
3485200803201
3486200809201
3487200811032
3488200903232
3721200904062
3722200904301
3723201002172
2065200611211
2066200611242
2067200612121
2069200701121
2070200706211
2071200810282
2072200903192
3513200905292
3514201002161
2125200703272
2126200704031
2127200706151
2128200801142
2129200805272
2130200809301
2131200906092
2132200906091
3837200912031
2099200706081
2100200708032
2101200708232
2089200612112
2090200702022
2091200707271
2092200801041
2093200905091
2094200910092
2095200912021
1041200611091
1042200701082
1043200708312
1044200709011
1045200709111
1046200712272
1047200802201
1048200803032
1185200804092
1186200804302
1187200805051
1188200805131
1189200805232
1190200805301
1191200807091
1192200810012
1193200901202
1194200902231
1195200904221
1196200911182
1049200610122
1050200610192
1051200701191
1052200702231
1053200703131
1054200707141
1055200707312
1056200708282
1125200709042
1177200804051
1178200804052
1126200810312
1180200910281
1025200609121
1026200610102
1028200709031
1029200709251
1030200711021
1031200711212
1032200712042
1137200803131
1138200803132
1139200807081
1141200904291
1142200905262
1143200905281
1144200906232
1173200907281
1174200909012
1175200912141
1176201001042
1297201002252
1299201003242
1001200609111
1002200705221
1004200709182
1005200709282
1006200711241
1007200712142
1008200712221
1169200804211
1129200803111
1171201005131
1017200607252
1018200610061
1019200610062
1020200610241
1021200610261
1022200611292
1023200612181
1024200701182
1101200701291
1102200703172
1103200703271
1104200704232
1105200704232
1106200705071
1107200705161
1108200706092
1109200707311
1110200708202
1111200709252
1112200710271
1145200801252
1146200802041
1147200802261
1165200804101
1166200807231
1167200807312
1168200808292
1197200809242
1198200809262
1199200810221
1200200911241
1205200912281
1206200912292
1207201001301
1065200611012
1066200702021
1067200702061
1068200703212
1069200703291
1070200706021
1071200706072
1121200709051
1123200710252
1124200710262
1117200711202
1118200801172
1120200804301
1161200810111
1162200811051
1163200901232
1164200901292
1289200905022
1290200910291
1291200911082
1057200609122
1058200610182
1059200610281
1060200611101
1061200612122
1062200701041
1063200701202
1097200705172
1098200705182
1099200706051
1100200706131
1113200706212
1114200706222
1115200708141
1116200709211
1133200710161
1135200802292
1157200804202
1136200804182
1158200804251
1159200806272
1160200808221
1273200902171
1274200902191
1275200905012
1276200905202
1279200905212
1277200906021
4485200608032
4486200612081
4469200605051
4470200606132
4471200704261
4497200803071
4498200803202
4499200805081
4500200908202
4493200909031
4494200910082
4495200912101
4496201002252
4501201005202
4729200708142
4730200710261
4731200712122
4732200801171
4745200803011
4746200804232
4747200805202
4748200909081
4775200910151
4717200612261
4718200701092
4719200702132
4720200703151
4721200705022
4722200803052
4723200805151
4724200806051
4761200810072
4763200903242
2693200712072
2695200812112
2993200910201
2994200910271
2995200911112
2742200609291
2743200610062
2744200610091
2745200610132
2747200611211
2748200612131
2849200701111
2850200701161
2851200702052
2852200702062
2853200702231
2854200703061
2856200703222
3250200705092
3251200705101
3252200705112
3253200705162
3254200706142
3255200706271
3256200707171
3297200707202
3298200707261
3299200707271
3300200709142
3301200709192
3302200709191
3303200709252
3304200710021
3401200710022
3402200710041
3403200710051
3406200802011
3408200901162
2834200705312
2836200809152
2837200810132
2838200810232
2839200901231
2840200904101
2517200609261
2518200611202
2520200705182
2521200709132
2522200802071
2523200803111
2524200812122
2349200610181
2350200711201
2351200804172
2352200807292
2353200808151
2354200810311
2356200903312
3821200904152
3822200906032
3823201002051
3824201002091
3905201004091
1830200701172
1831200702141
1832200702222
1833200711151
1837200607122
1838200607192
1839200611151
1841200703152
1842200703212
1843200705251
3353200710042
1845200701242
1846200702071
1847200706062
1861200606281
1862200703151
1863200703292
1864200704052
1865200705141
1866201004092
2765200612041
2766200704302
2768200705112
2767200707201
3377200710261
3378200803132
4481200608012
4482200608291
4483200802151
2381200606121
2382200606192
2383200606262
2384200607031
2385200607042
2386200607191
2387200609182
2388200611061
2597200703152
2598200705212
2599200812011
2401200606012
2402200606222
2403200607271
2404200608101
2405200609012
2406200609221
2408200702062
3109200703282
3110200704171
3105200705112
3106200706212
3107200707041
3108200708301
3111200710021
3112200712122
3389200801042
3390200803102
3391200803251
3392200804011
2709200701112
2710200701151
2711200703092
2712200703211
2713200703211
2714200705111
2715200705282
2716200705282
3273200706271
3274200707102
3275200707312
3276200708071
3277200708282
3278200708281
3279200709272
3280200711261
3381200801171
3382200801171
3383200802112
3384200803062
3385200808262
3386200809092
3387200811071
3561200909182
3562200911101
3563201003162
3564201003301
2757200609221
2759200710122
2760200711212
2761200712171
2733200701112
2734200701291
2735200702161
2736200702162
2737200705141
2738200706072
2739200711161
2740200801252
3341200801251
3342200803181
3343200806132
3344200808212
1869200609141
1870200704022
1871200704022
1872200802051
1873200804232
2165200610031
2166200612182
2168200703271
3101200704101
3102200706192
3103200706262
3104200802191
3357200803111
3358200805202
3359200805271
3360200811252
3617200909221
3618200911171
3619201003162
2169200701171
2170200704042
2171200708102
2172200709241
3369200801182
3370200801281
3371200802281
3372200901082
3509200902231
3510200903051
3511200903102
3512200904302
1553200911232
2157200609252
2158200609281
2159200612071
2160200701242
2152200709182
3089200801182
3090200801181
3091200804181
3092200810272
3637200903121
3638200907241
3639200909182
2177200610261
2178200610262
2179200610271
2180200611162
2185200612052
2186200701051
2187200702151
3093200710012
3094200807011
3095200907301
2161200701292
2162200802261
2197200705151
2198200803102
2199200803242
2200200804031
3565200804071
3566200804141
3567200810022
3568200906042
3833200909172
3834200909222
2149200707091
2150200707091
2151200707162
3349200709062
3350200803271
3351200804072
3352200806091
3517200806192
3518200809251
3519200811201
2193200703022
2194200805131
2189200703081
2190200704112
2191200705242
2153200705212
2154201001252
3120200703142
3119200704202
3118200704271
3262200705111
3263200706211
3264200710252
3261200805072
3610200805272
2905200912162
1522200609012
1523200802081
1521200807022
3184200808252
3181200811131
3183200903091
3811200905202
3809200909142
3810200912161
1551200701042
1552200706201
1549200706211
1550200710182
1461200604121
1462200608092
1463200611291
1464200701312
1577200706182
1578200803111
1579200804041
3177200809102
1580200904072
3178200911111
1467200603302
1465200604051
1466200605102
1539200606082
1468200702011
1537200702162
1601200703202
1602200704192
1603200705221
1604200706211
1629200706291
1631200708311
1630200801292
3161200905131
3162200905062
3164200906031
3163200906052
1697201004121
1546200607262
1545200611131
1547200701242
1548200702011
1591200703071
1592200708292
1589200801041
1590200801042
3157200802061
3159200802222
3158200901302
3160200901301
3207200902162
3205200903122
3805200903111
3806200905071
3807200912172
1497200607201
1498200703231
1499200703282
1500200709202
1621200809251
1469200606061
1470200608082
1472200611072
1471200612121
1489200607052
1491200706041
1492200709062
1665200710121
1513200606072
1514200606211
1515200702142
1516200909221
1593200911101
1528200610022
1527200610301
1526200702261
1525200703022
1533200606302
1535200608072
1534200612291
1565200708161
1568200809081
1566200810142
1567200911262
3189201001052
1517200608312
1511200605041
1512200606222
1509200701151
1510200701162
1588200702141
1587200702262
1586200708072
1585200710011
1659200710242
1658200712211
1493200604132
1494200605181
1495200606212
1496200610251
1557200702141
1558200707202
1559200707202
1560200711301
1645200712062
1646200712121
1647200712122
1648200712131
1649200712142
1651200801021
1652200802012
1653200803272
1654200803271
1655200804101
3149200804161
3150200804161
3151200804172
3152200805062
3153200806131
3154200806202
3156200807112
3155200807101
3201200901222
3203200902051
3202200901232
3204200905081
3749200906101
3750200908122
3751200912041
3752200912102
1669200605262
1670200607091
1672200701152
1817200706212
1818200707242
1820200911141
1676200704101
1674200710022
1673200710261
3417200711061
3418200802221
3419200901092
1680200608102
1677200606291
1678200607251
1801200608211
1802200608212
1803200608211
1813200706121
1681200606081
1683200606172
1684200609131
1805200611102
1806200701302
1808200702201
1821200703222
1822200705081
1823200706112
1824200709191
3430200801211
3429200805211
3431200805242
3432200807282
3641200809192
3643200902182
3644200906041
2901200912071
5341200704181
5342200708222
1685200609122
1686200609131
1688200610112
1809200611142
1811200612211
1812200704201
1827200706081
1825200711192
1826200911192
1828201001151
3025201004231
3026201004292
3027201005171
1689200702272
1690200703281
1694200702202
1695200703011
1696200706012
3289200812091
3290200904011
4673200702232
4674200703091
4675200708172
4677200701252
4678200703061
4679200703071
4680200704242
4685200705082
4686200705181
4687200708032
4688200709141
4689200802261
4834200903092
4835201002252
4837201002251
4840201002251
4681200708242
4682200711201
4683200801251
4684200911192
3029200702141
2437200703281
2438200708012
2621200611172
2622200703162
2623200710031
2624200801091
3481200806251
2625200610242
2626200703082
2627200706081
2628200706261
2637200711131
2638200911062
2793200702021
2794200710042
2795200712122
2796200802061
2829200704272
2830200706081
2831200709212
2832200711161
2750200806242
2751200806262
2752200808291
2769200809082
2770200810221
2772200812111
2771200812042
2909200902091
2910200903092
2911200904071
2921200906052
2922201001211
2923201004271
2865200705112
2866200706262
2867200708301
2753200708241
2754200806202
2755200903131
2146200610062
2516200707202
2513200708241
2515200708291
2514200709202
3224200711062
3221200711142
3222200712201
3223200802071
3743200901092
2477200703211
2478200706062
2479200706061
2480200708292
3217200710252
2481200703221
2482200703232
2484200704171
2483200705082
3209200706072
3211200707172
3212200710101
3210200802141
2488200704301
2489200703021
2491200703142
2492200703192
2505200703301
2506200705221
2507200706222
2508200707112
3214200709251
3213200710052
3215200710031
3216200710092
3225200710191
3226200710191
3227200710312
3228200710302
3236200710311
3235200711121
3234200711132
3244200803142
3243200803241
3446200804152
3448200805121
3447200805202
3230200806132
3232200806262
3231200807161
3241200809052
3677200810032
3680200810222
3679200810231
3678200811131
3727200902172
3728200902131
3725200902231
3782200903121
2512200709272
2509200712172
2510200710301
2495200704132
2497200703271
2498200703271
2499200803282
2729200710021
2730200710232
2731200712062
2685200706081
2687200807281
2688200812052
2665200704171
2666200810222
2667200812092
2825200706052
2827200808051
2826200808012
2828200809031
2978200909232
2805200705161
2807200712142
2808200804011
3598200907041
5333200703142
5334200704171
5335200705081
5336200706082
5350200708161
5351200708282
5352200709122
5562200710252
5564200801222
5578200802051
5579200802052
5580200802142
5309200804082
5310200804102
5311200804181
5312200805201
5337200806241
5338200807302
5339200811111
5340200812022
5573200901271
5575200904242
5576200904292
5917200905062
5918200906181
5919200906301
5920200907012
5921200907211
5922200909081
5923200909302
5932201001141
5924200910222
5931201001261
5926201001272
5925201004152
5927201004201
5928201005191
4585200608162
4586200609252
4587200611221
4588200702281
4589200703281
4590200703302
4591200706052
4592200707111
4593200709211
4594200803132
4595200804072
4596200806231
4825200807081
4826200904032
4827200909181
4828200912092
2629200702272
2630200703081
2632200707112
3361200801241
3362200802011
3614200806112
3613200807161
1877200610032
1878200612061
1879200612071
1880200701232
1881200703011
1882200704232
1883200706041
1884200706252
3345200708021
3346200709202
3347200709201
3441200712172
3442200801102
3443200802261
3444200803191
3497200804041
3498200805062
3499200806231
3500200810072
3693200811122
3694200812102
3695200901211
3762200903232
3033200909182
3034200909251
3035200911051
3036200912152
3021201001121
3022201002161
3023201004292
3024201005252
2633200611061
2634200612122
2635200612161
3121200707032
3122200707302
3123200707311
3085200703162
3086200704052
3087200704241
3269200705172
3270200904211
3077200701162
3078200702281
3079200703072
3080200704241
3257200709122
3258200709191
3259200709261
3260200712042
5598200704052
5597200704111
5599200704122
5600200704251
5601200705292
5602200706061
5603200706071
5604200706072
5657200706201
5658200708311
5659200710012
5660200710042
5661200710051
5662200710162
5663200710161
5664200802192
5582200803282
5583200804292
5584200805201
5877200906161
5878200906192
5879200906192
5880200906231
5881200906231
5882200906242
5883200906241
5884200906252
5889200910162
5890200910162
5891200910201
5892200910201
5893200910221
5894200910222
5895200910281
5896200910282
5325200703201
5326200706141
5327200707052
5328200710262
5329200711051
5330200802131
5331200805292
5332200806252
5567200902252
5565200901221
5568200903041
5909200906241
5910200907242
5911200909082
5912200910221
5913200911262
5915200912181
5916201001121
5933201001271
5934201002172
5935201002172
5936201002171
5317200610182
5318200610241
5319200702202
5321200705311
5322200707172
5323200708212
5553200710262
5554200803052
5555200805231
5556200806121
5569200807042
5570200810231
5571200811181
5557201002092
1501200612022
1502200705022
1503200706141
2501200705031
1009200608161
1010200609081
1011200609082
1012200609142
1013200611011
1014200611102
1015200701071
1016200703172
1082200704171
1083200707092
1084200709022
1085200711051
1086200711142
1153200901102
1154200901132
1155200902031
1156200902041
1265200902192
1266200909102
1267200909131
1268200911271
1269201003232
2433200703021
2434200909162
2435200909171
2605200607171
2606200610021
2607200611092
2608200612042
1902200609202
1903200609262
1904200610041
1905200610112
1906200610312
1907200611091
1908200611161
2841200611172
2843200612141
2844200612212
2845200701081
2846200701192
2847200701311
2848200702142
1911200711092
1912200712271
1913200803112
1914200807291
1917200609122
1920200702211
1921200702271
1922200703142
1923200704181
1924200706212
3337200801072
3338200801181
3339200904061
1925200705082
1926200706141
1927200710252
1928200711071
1929200711271
1941200701171
1942200701262
1943200703142
1944200706011
1946200711022
1947200803051
1033200612172
1034200612201
1036200707111
1037200709071
1038200710171
1040200804152
1181200806212
1182200809122
1183200809181
1184200812201
1201200812211
1202200901012
1204200902082
1261200902141
1262200902201
1263200907292
1285200909252
1286200910021
1287200910062
1264200912012
2813200710102
2814200803122
2815200804161
2816200808131
2945200910282
5413200611231
5414200701192
5415200702142
5416200702201
5417200704242
5418200705031
5419200705232
5420200705251
5525200706062
5526200707031
5527200708071
5528200710102
5546200803172
5547200804141
5548200804142
5845200902172
5846200902271
5847200903101
5848200909292
5941201004061
5942201004082
5353200612062
5354200612071
5355200705231
5356200710192
5705200712211
5706200712242
5707200802012
5708200802271
5850200908131
5851200909072
5852200910132
5429200609282
5430200609281
5431200609292
5432200610271
5433200702192
5434200704051
5435200704271
5436200712172
5717200802042
5385200611102
5386200611102
5388200612211
5389200703161
5390200704141
5391200710062
5392200710262
5393200712072
5394200803181
5395200804012
5396200804011
5833200809132
5834200809172
5835200810041
5405200612211
5406200701042
5407200701301
4545200702051
4546200703302
4547200706291
4548200707272
4549200710171
4550200801222
4551200806021
4552200807282
4553200809091
4554200904092
4555200909281
4534200701111
4535200703232
4536200705101
4537200706272
4538200804181
4539200807301
4540200808012
4541200902272
4542201002021
5421200610192
5422200610201
5423200611022
5424200611271
5425200611281
5426200612202
5427200701232
5428200702151
5501200703192
5502200704101
5503200704161
5504200706262
5521200707262
5522200709141
5524200801252
5713200802121
5714200803121
5715200805142
5716200810152
5842200902121
5843200906012
5844200906032
5937200911032
5938200911252
5939201004191
5940201004271
5437200610031
5438200611131
5439200611142
5440200612192
5441200702132
5443200710261
5444200711092
5533200803182
5534200804082
5535200804161
5536200809231
5549200812101
5362200702012
5363200702062
5364200707231
5357200708131
5358200709121
5359200709122
5360200801172
5721200801311
5722200802221
5723200805052
5724200812122
5369200701032
5370200705232
5541200708172
5542200710191
5543200710221
5544200710252
5709200712252
5710200712281
5711200712281
5712200801042
5725200803132
5726200803141
5727200806192
5728200808041
5857200905142
5858200907201
5859200911112
5397200610271
5398200611071
5399200611102
5400200612012
5401200612071
5403200701192
5404200702211
5489200703191
5490200704272
5491200705042
5492200706181
5537200710161
5538200711162
5539200803212
5838200808071
5839200808082
5840200810282
2809200708032
2810200802062
2337200609052
2338200612041
2339200612082
2340200711141
2341200712042
2342200712061
2343200801172
2344200802051
2345200803112
2346200806262
2347200903131
2348200903271
3797200907012
3881201005192
2525200701222
2526200704101
2527200705291
2528200706262
2529200802012
2530200805152
2531200812221
2532200905111
2533200908272
2534200910011
3877201004202
2389200607131
2390200609282
2391200905252
2314200711202
2318200806172
2319200806191
2320200806232
2321200807012
2322200807101
2323200808112
2324200808281
3649200809041
3650200809151
3651200809172
3652200810082
3653200810201
3654200810231
3655200811132
3701200811182
3702200811242
3703200901131
3704200901151
3729200901261
3730200903022
3731200903101
3732200905282
3733200905191
3734200906022
3735200906161
3736200908182
1614200911021
1613200911052
1616200911032
1615200912101
2986201003112
2985201003111
2988201005251
2987201005252
2409200710092
2411200812152
2357200608151
2421200711122
2422200712101
2423200804181
2424200806302
2425200811122
2541200702091
2542200712062
2543200807292
2544200807311
2545200808051
2547200808052
2548200904091
2549200904152
2550200904211
3001201002082
2797200704101
2798200803261
2799200807082
2801200810061
2803200811042
3817200904281
3818200906241
3819200908132
2649201001142
2651201003252
2652201003291
3897201005111
2779200703051
2778200702272
2777200702212
2780200704231
2781200704241
2782200707161
2783200707162
2784200710012
2785200710261
2786200711192
2787200806051
3433200811202
3434200811271
3435200901092
3436200901221
3437200903121
3438200903132
3440200906042
3801200906052
3802200908131
3803200909041
3804200910082
1485200911262
1486200912102
1487201001071
1488201001071
3869201002101
3870201002182
3872201003311
2369200611221
2371200710122
2372200802212
2373200804092
2374200805161
2375200912041
1477200604211
1478200604251
1479200605112
1480200605122
1541200605202
1542200606031
1543200606281
1544200606292
1561200607252
1564200609141
1563200609191
1570200610042
1562200611082
1569200611291
1572200612022
1584200704041
1605200704242
1606200705091
1607200708102
1608200709181
1662200712102
1663200801092
1664200802201
3165200804161
3166200804212
3167200805201
3173200805261
3168200805282
3174200807171
3175200809262
3185200810102
3176200810272
3186200810292
3187200811251
3188200902161
3193200901271
3194200902262
3195200903062
3196200903161
3796200906261
3794200907141
3795200907312
1641200908072
1643200909211
1644200909211
1505200910012
1507200910302
1506200911101
2989200912222
1508201001221
2990201002042
2991201004141
1705200604131
1706200606221
1707200608312
1708200609142
1729200610251
1730200706142
1731200708162
1732200709061
1712200604102
1711200604241
1709200605101
1710200606082
1769200610302
1770200612111
1771200702012
1772200704021
2209200704242
2210200706202
2211200805281
2285200902231
1725200611081
1726200701161
1727200703272
1728200705152
2221200710011
2222200710162
2223200801212
5378200703162
5380200705151
5379200706112
5382200708062
5381200711122
5383200711231
5384200712011
5829200811101
5830200811142
5831200811282
5832200812101
5945201001152
5946201003011
5947201003181
5469200611142
5470200705231
5472200709171
5733200802122
5734200803241
5736200907152
5965200911231
5966201002252
2301200612062
2302200810131
1957200606151
1958200607192
1959200609132
1960200611291
1961200701182
1962200701252
5365200610122
5366200610172
5367200610311
5368200611241
5481200612201
5483200702141
5484200707132
5513200712042
5514200712211
4777200802142
2061200806302
3857201005212
1985200610222
1986200612042
1988200808141
3529200811121
1997200702171
1998200703292
1989200608301
1990200609252
1991200611201
1992200612192
2035200703052
2036200704181
3549201002031
2053200702281
2054200705311
2055200708022
3065200710162
3066200711211
3067200801281
3068200801282
3317200802142
2057200703291
2058200704241
2059200705042
2060200705102
3049200711271
3050200801042
3051200806101
2183200612191
2184200701121
1737200608012
1738200608171
1739200611101
1740200702082
1797200703122
1798200703132
1799200703141
1800200705081
2213200705161
2214200705291
2215200708142
2216200708222
2233200710182
2234200710231
2236200802221
2249200804011
2250200804281
2251200805272
2252200809292
2277200812011
2278200902132
2279200902191
2280200909082
2289201004262
1757200609281
1758200610111
1759200610202
1760200612152
1785200702021
1786200702082
1787200703022
1788200704031
2201200709171
2202200802192
2204200803052
2257200804091
5313200608291
4597200610242
4601200705112
4598200712122
4599200807301
1741200605312
1742200610022
1743200612141
1744200702161
1746200704241
1747200801292
1748200804031
1749200804031
1750200804031
1751200806092
2269200901222
2270201002092
2271201003171
2581200612211
2582200705162
2583200803042
2584200803061
2585200903162
3789200905191
3790200907202
3791200907222
3792200908081
2646200911101
2645200909032
2647201002111
2553200704122
2554200705102
2557200608032
2590200802151
2591200806302
2592200810302
3669200902051
3670200904291
3671200909142
3672200910202
2613200706062
2614200804111
2615200809041
3673200908281
3674201001052
2617200609271
2618200612152
3585200805072
3586200805081
3587200805212
3588200806251
3593200807252
3594200809112
3595200810151
3596200811071
3685200811282
3686200901092
3687200901231
3688200902181
3773200903131
3774200903131
3775200903202
2773200702272
2776200705311
1965200610031
1966200610312
1967200611061
1968200612182
2025200703281
2026200801312
3321200805152
2027200802142
2028200803131
3323200805262
3322200806021
2681200703191
2045200708032
2005200705231
2006200706041
2007200706202
2008200707312
3053200806111
3054200809042
3055200902121
3056200908062
1721200704232
1722200707041
1723200709072
1724200801301
2245201002121
1713200609131
1714200702191
1715200703262
1716200709242
2225200710082
2226200712142
2227200801141
2228200802131
2253200811202
2254200812101
2561200609261
2562200611071
2563200701092
2564200701232
3041200701301
3042200707172
3043200809291
2657200609112
2658200609211
2660200609251
2653200609302
2654200611011
2655200611011
2656200611222
2857200612122
2858200612122
2859200612121
2860200701161
2861200703212
2862200704231
2863200707301
2864200709062
3281200709121
3282200709142
3283200709272
3284200710251
3285200711011
3286200711191
3287200712042
3288200712132
3422200801231
3423200803121
3424200803242
3425200805122
3426200812022
3427200902251
3428200902261
3765200903181
3766200905282
3767200906122
3768200907081
2702200907171
2703200910062
2701200911232
2704200912111
3893201004062
5453200610161
5454200610301
5455200610302
5456200610302
5457200610301
5458200611131
5459200611202
5460200611202
5461200611211
5462200611272
5463200611271
5464200612132
5485200701121
5486200701152
5487200702091
5488200702132
5493200702162
5494200702161
5495200702162
5496200702161
5498200702261
5499200703141
5500200703282
5517200706141
5518200706192
5519200708031
5520200709142
5749200803252
5750200803251
5751200803272
5752200803311
5465200612052
5466200707031
5737200803262
5738200803261
5739200803281
5740200803282
5473200701292
5474200702132
5475200702261
5476200703051
5509200706122
5510200706261
5511200707231
5512200709102
5445200611092
5446200612281
5447200702142
5448200703131
5449200703202
5450200703281
5451200704191
5529200711071
5530200711072
5531200802211
5532200802212
5741200802271
5742200802292
5743200804161
5744200804162
5745200806241
5746200808132
5747200810062
5748200811111
5864200811142
5861200812091
5862200812172
5863200812241
4609200702282
4610200804181
1733200608021
1734200609041
1736200609292
1781200702202
1782200703211
1783200705081
1784200708242
2217200711211
2218200802292
4625200702071
4626200702261
4627200705032
4628200705212
4629200709181
4630200710242
4631200710251
4632200804282
4633200804282
2697200611202
2698200612061
1473200910061
5587200703131
5585200703232
5588200704112
5586200704121
5605200705032
5606200705221
5607200705312
5608200706071
5633200707261
5634200709062
5635200709131
5636200709272
5637200710082
5638200711272
5639200712281
5640200802041
5589200704042
5590200704192
5591200704191
5592200705041
5593200705241
5594200705312
5595200706142
5596200706151
5641200706212
5642200706271
5643200708201
5644200708282
5645200708281
5646200710171
5647200710302
5648200710312
5762200802011
5763200802041
5764200802052
5761200712072
5781200806031
5782200806062
5783200806062
5784200806111
5785200806182
5787200807071
5788200810142
5789200810171
5790200810202
5791200811112
5792200901231
5869200904091
5872200905272
5873200907102
5874200908071
5875200910282
5876200912251
1753200606221
1754200609212
1755200701171
1756200703132
1794200704131
1795200707032
1796200710162
2237200802041
2238200806092
1763200703081
1764200705301
2241200802291
2242200804012
1777200702151
1778200801072
1779200806091
1780200810162
2273200901201
2274200911302
1717200609131
2449200607031
2450200607142
2451200608101
2452200608152
2457200608181
2458200609042
2460200610111
2461200612201
2462200612281
2463200701292
2464200706192
3125200706201
2569200611282
2570200611241
2571200611281
2572200701252
3180200701312
3082200704271
3083200708172
3084200709071
3397200802222
3398200805091
3399200805091
3400200812192
3605200812192
5681200701172
5682200701251
5683200702071
5684200702072
5685200702221
5686200706282
5687200709251
5688200711282
5689200801221
5690200802202
5691200802272
5692200803191
5693200803032
5694200804031
5695200810071
5696200810222
5718200909291
5698200909302
5720200911182
2573200607122
2574200607251
2575200704031
2721200707132
2722200707181
3489200803201
3490200803282
3492200804021
3622200808052
3657200812101
2577200612152
2578200706221
2465200608251
2466200609062
2467200609272
2468200611081
2469200611232
4725200710041
4726200711132
4727200801232
4728200807041
1765200608112
1767200612071
1768200703082
2205200705102
2206200705312
2207200804111
2208200804111
2261200810131
2262200902112
2105200612051
2106200612052
2107200701092
2108200701101
2109200701232
2110200701312
2111200702061
2112200702091
2141200703062
2142200703102
2144200704241
2133200706221
2134200708102
2135200708151
2136200710042
2139200710101
1773200702131
1774200703211
1775200712202
1776200804102
2265200805202
2266200810301
2267200810302
2268200811181
2282200902261
2283200910282
4733200706191
4734200706191
2869200710182
2870200802131
5373200612141
5375200612291
5374200612292
5376200702142
5505200703021
5506200703062
5507200711221
5508200810102
5821200810151
5822200810151
5823200810172
5824200810172
5865200810291
5866200811052
5867200811192
5868200903041
5626200710022
5631200710041
5632200710152
5630200710162
5629200710221
5628200711191
5627200711192
5670200711232
5669200711262
5671200802201
5617200706191
5618200709292
5620200710312
5619200709291
5666200711202
5665200711101
5667200711231
5668200712112
5769200802012
5770200802051
5771200802121
5772200802272
5773200803121
5774200804222
5775200811121
5776200812182
5615200704021
5616200704172
5613200704182
5614200704281
5610200705231
5612200706051
5609200706062
5654200709052
5656200709122
5655200709141
5651200710251
5649200801162
5652200804081
5611200804222
5805200807091
5807200903191
5808200903202
5806200903252
4737200708101
4738200708112
4739200709242
4740200710221
4741200806031
4742200807241
4743200901132
4744200901132
4764200902131
4937200909241
4939200912282
4940201001071
5621200709181
5622200710102
5623200710161
5673200710261
5674200711071
5675200711142
5676200711282
5677200801112
5678200802271
5679200804081
5680200805122
5754200807092
5753200809251
5756200904242
5757200904282
5759200910022
5758200910021
5701200707191
5697200710171
5719200710262
5699200710262
5700200710301
5703200711222
5704200802191
5813200807142
5816200905181
1609200705222
1610200706012
1612200802281
3145200808152
3146200809032
3147200811261
3148200812051
3197200909151
1617200705151
1618200705242
1619200706191
1633200707231
1634200708282
1635200710312
1636200712031
3131200803311
1625200802011
1626200802131
1627200908182
3465200801151
3466200801181
3467200802162
3468200802222
4209200709182
4210200805092
4211200807211
4212200810211
3705200912212
3706201005121
3245200804121
3247200804161
3248200805222
3631200806211
3589200807112
3590200807142
3592200807211
3591200809031
3665200809192
3666200901201
3667200910211
3668201001222
3473200805282
3475200807021
3476200808142
3478200809101
3480200811202
3737200902031
3738200902231
3740200904222
3037200909082
3038200909162
3039200910291
3040200911181
3865201001192
3866201002171
3867201003301
3868201004152
3313200802261
3314200802262
3315200803121
3316200804222
3325200805071
3326200805091
3327200805152
3328200805162
3553200902172
3554200907271
3555200909161
3556200910192
4177200808281
4178200901222
4180201002182
5089201005112
4157200809082
4158200901151
4159200901272
4160200901281
4981200902032
4982200904271
4983200906151
4984200908242
4997200912012
4998201005111
4153200902202
4154200904031
4155200904102
4156200906231
4473200912082
4097200807151
4098200808121
4099200810162
4100200906042
4953200907012
4954200907102
4955200909171
4956201001201
5025201002042
5026201002152
5027201005071
4001200804011
4002200804292
4003200808251
4004200807242
4857200810221
4859200811062
4858200811072
4860200811181
4065200807082
4066200808261
4067200810201
4068200912112
4849201001211
4850201002122
4049200810161
4050200810242
4051200812051
4052200812232
4909200906022
4910201001201
4069200809241
4070201005132
4077200806232
4078200809102
4079200812091
4080200901231
4905200901261
4906200904141
4907200905072
4145200808281
4146200810092
4093200811131
4094200901062
4095200902171
4096200903312
4509200904032
4511201004011
4512201004131
4073200906232
4009200806201
4010200812031
4011200902172
4012200906122
4505200908141
4877200903042
4081200806051
4082200806102
4083200809252
4084200810131
4873200906041
4874201001052
4875201004011
4876201004062
4013200807102
4014200810072
4015200907241
4016200909221
5001201001272
5002201002191
4109200808052
4110200809191
4797200806202
4798200810271
4800200901092
4805200908122
4807201003291
4808201003292
4969201004072
4865200909292
4866200910151
4025200804152
4026200809031
4027200810031
4028200812022
4861200812101
4793200804172
4794200807291
4795200808251
4796200811052
4809200811202
4810200812021
4811200812242
4812200901131
4813200903091
4814200903121
4022200809031
4023200901161
4024200902122
4977200904172
4978200905011
4979200905282
4490201004091
4105200806181
4106200806272
4107200808132
4108200901271
4869200901292
4870200909221
4871200911171
4872201003242
4101200810162
4104200903171
4529200905291
4089200901072
4091200904032
4092200904091
4993200908282
4994201004011
4995201004071
4165200809112
4166200810201
4168200812161
4889200901272
4890200903031
4891200903312
4892200909241
4465201002032
5793200806101
5794200806172
5795200807111
5797200902171
5798200904172
4161200808151
4162200810202
4163200909102
3309200802201
4121200808212
4122200809242
4123200902251
4124200904071
4129200806051
4130200807102
4131200807172
4132200810091
4753200810081
4754200810151
4755200810152
4756200810282
4773200811122
4941200906172
4942200908182
1213201002171
4133200903021
4134200904292
4135200910152
1217200811202
1218200901201
1219200911102
1241200905071
1242201005201
1234200906092
1235200912021
1236200912072
1249200907032
1250200909212
1251200910011
1237200903172
1238200903311
1239200908132
1240200912081
1257201002091
1229200903051
1230200903051
1231200904022
1247200905111
1246200905072
1245200905062
1248200906191
1253200909022
1254200910131
1255200911162
1256201001221
1309201002172
1311201004012
1310201003251
1312201005031
4142200903041
4141200903042
4143200909011
4085200807092
4086200807171
4087200808071
4088200905132
4881200906041
4045200805122
4801200810202
4802200811131
4749200807232
4750200809151
4751200809231
4771200812172
4772200812192
4921200906102
4922200907021
4923200907071
4924200907092
4925200907142
4926200907152
4927200907151
4928200907281
5006200912161
5007201001222
3709200812192
3710200812302
3711200901061
3712200903121
3785200903192
3786200905211
3787201004162
3713200901122
3714200901161
3715200901212
3716200901281
3769200905121
3771200905252
3772200907161
2641200911272
4513200908181
4965200902022
4966200902092
4967200902251
4525200904272
4526200910131
4527200911031
4528200911032
5041200911172
5042200911241
5044200912241
5043201001142
5065201001191
5066201001271
4885200811111
4517200907162
4518201004291
4917200907241
4477201001212
4478201003301
4987200909301
4985200910221
4986200910292
4988201001052
5049201001051
5050201001131
5051201002032
5052201002042
5074201005051
5075201005182
4461200907211
4462200907242
4464201002021
4463201002082
1301200910222
1313201004162
5061200912181
5062201001082
5037201001111
5038201002161
5039201004302
3885201004261
3886201005202
2873201004092
2874201004271
5081201005072
1993200610131
1994200612082
1995200612202
1996200612281
2041200701051
2042200702082
2043200704051
2044200704072
3045200704161
3046200704242
3047200705242
3048200710241
3069200712072
3070200805051
3071200805222
3072200805261
1973200609191
1974200609202
1975200610091
1976200610102
2018200612121
2019200701052
2049200701162
2050200702282
2051200706261
2052200706281
3057200707261
3058200709061
3060200711062
3059200712062
3062200801081
3063200804012
3064200805052
3073200805061
3074200805131
3075200805202
3076200808272
3521200901292
3523200902191
3522200902032
3524200903101
3541200905152
3542200905191
3544200906111
3545201003241
3546201004271
1977200701121
1978200912212
